YYYY DOY   X(au)   Y(au)   Z(au)
1977 249    0.97   -0.28    0.00
1977 251    0.98   -0.24    0.00
1977 253    0.99   -0.19    0.00
1977 255    1.00   -0.15    0.00
1977 257    1.01   -0.10    0.00
1977 259    1.02   -0.06    0.00
1977 261    1.03   -0.01    0.01
1977 263    1.03    0.03    0.01
1977 265    1.04    0.08    0.01
1977 267    1.04    0.12    0.01
1977 269    1.05    0.17    0.01
1977 271    1.05    0.21    0.01
1977 273    1.05    0.25    0.01
1977 275    1.05    0.30    0.01
1977 277    1.05    0.34    0.01
1977 279    1.04    0.39    0.01
1977 281    1.04    0.43    0.01
1977 283    1.04    0.47    0.01
1977 285    1.03    0.51    0.01
1977 287    1.03    0.56    0.01
1977 289    1.02    0.60    0.02
1977 291    1.01    0.64    0.02
1977 293    1.00    0.68    0.02
1977 295    1.00    0.72    0.02
1977 297    0.99    0.76    0.02
1977 299    0.97    0.80    0.02
1977 301    0.97    0.84    0.02
1977 303    0.96    0.88    0.02
1977 305    0.95    0.92    0.02
1977 307    0.93    0.95    0.02
1977 309    0.92    0.99    0.02
1977 311    0.91    1.03    0.02
1977 313    0.90    1.06    0.02
1977 315    0.88    1.10    0.02
1977 317    0.87    1.14    0.02
1977 319    0.85    1.17    0.03
1977 321    0.84    1.21    0.03
1977 323    0.83    1.24    0.03
1977 325    0.81    1.26    0.03
1977 327    0.79    1.30    0.03
1977 329    0.77    1.33    0.03
1977 331    0.76    1.36    0.03
1977 333    0.74    1.39    0.03
1977 335    0.73    1.43    0.03
1977 337    0.71    1.46    0.03
1977 339    0.69    1.49    0.03
1977 341    0.68    1.52    0.03
1977 343    0.66    1.55    0.03
1977 345    0.64    1.58    0.03
1977 347    0.63    1.61    0.03
1977 349    0.61    1.64    0.03
1977 351    0.59    1.67    0.03
1977 353    0.57    1.70    0.03
1977 355    0.55    1.72    0.03
1977 357    0.53    1.75    0.03
1977 359    0.52    1.78    0.03
1977 361    0.50    1.80    0.03
1977 363    0.48    1.83    0.03
1977 365    0.46    1.85    0.03
1978   2    0.44    1.88    0.03
1978   4    0.43    1.90    0.03
1978   6    0.41    1.93    0.03
1978   8    0.39    1.95    0.03
1978  10    0.37    1.98    0.04
1978  12    0.35    2.00    0.04
1978  14    0.33    2.02    0.04
1978  16    0.31    2.05    0.04
1978  18    0.29    2.07    0.04
1978  20    0.27    2.09    0.04
1978  22    0.25    2.11    0.04
1978  24    0.23    2.14    0.04
1978  26    0.22    2.16    0.04
1978  28    0.19    2.18    0.04
1978  30    0.18    2.20    0.04
1978  32    0.16    2.22    0.04
1978  34    0.14    2.25    0.04
1978  36    0.12    2.27    0.04
1978  38    0.10    2.29    0.04
1978  40    0.08    2.31    0.04
1978  42    0.06    2.33    0.04
1978  44    0.04    2.35    0.04
1978  46    0.02    2.37    0.04
1978  48    0.00    2.39    0.04
1978  50   -0.02    2.41    0.04
1978  52   -0.04    2.43    0.04
1978  54   -0.06    2.45    0.04
1978  56   -0.08    2.47    0.04
1978  58   -0.10    2.48    0.04
1978  60   -0.11    2.50    0.04
1978  62   -0.13    2.52    0.04
1978  64   -0.16    2.53    0.04
1978  66   -0.17    2.55    0.04
1978  68   -0.19    2.57    0.05
1978  70   -0.21    2.59    0.05
1978  72   -0.23    2.61    0.05
1978  74   -0.25    2.63    0.05
1978  76   -0.27    2.64    0.04
1978  78   -0.29    2.65    0.04
1978  80   -0.31    2.67    0.04
1978  82   -0.33    2.69    0.04
1978  84   -0.35    2.71    0.04
1978  86   -0.36    2.73    0.04
1978  88   -0.39    2.74    0.04
1978  90   -0.40    2.75    0.04
1978  92   -0.42    2.77    0.04
1978  94   -0.44    2.78    0.04
1978  96   -0.46    2.80    0.04
1978  98   -0.48    2.82    0.04
1978 100   -0.50    2.84    0.05
1978 102   -0.52    2.84    0.05
1978 104   -0.54    2.86    0.05
1978 106   -0.55    2.88    0.05
1978 108   -0.57    2.89    0.05
1978 110   -0.59    2.90    0.05
1978 112   -0.61    2.92    0.05
1978 114   -0.63    2.93    0.05
1978 116   -0.65    2.95    0.05
1978 118   -0.67    2.97    0.05
1978 120   -0.69    2.97    0.05
1978 122   -0.71    2.99    0.05
1978 124   -0.73    3.00    0.05
1978 126   -0.74    3.02    0.05
1978 128   -0.76    3.03    0.05
1978 130   -0.78    3.04    0.05
1978 132   -0.80    3.06    0.05
1978 134   -0.82    3.06    0.05
1978 136   -0.84    3.08    0.05
1978 138   -0.85    3.09    0.05
1978 140   -0.87    3.11    0.05
1978 142   -0.89    3.11    0.05
1978 144   -0.91    3.13    0.05
1978 146   -0.93    3.15    0.05
1978 148   -0.95    3.15    0.05
1978 150   -0.96    3.17    0.05
1978 152   -0.98    3.18    0.05
1978 154   -1.00    3.19    0.05
1978 156   -1.02    3.20    0.05
1978 158   -1.04    3.22    0.05
1978 160   -1.05    3.22    0.05
1978 162   -1.07    3.24    0.05
1978 164   -1.09    3.25    0.05
1978 166   -1.11    3.26    0.05
1978 168   -1.13    3.27    0.05
1978 170   -1.14    3.29    0.05
1978 172   -1.16    3.29    0.05
1978 174   -1.18    3.30    0.05
1978 176   -1.20    3.31    0.05
1978 178   -1.22    3.32    0.05
1978 180   -1.23    3.34    0.05
1978 182   -1.25    3.34    0.05
1978 184   -1.27    3.36    0.05
1978 186   -1.29    3.37    0.05
1978 188   -1.30    3.38    0.05
1978 190   -1.32    3.39    0.05
1978 192   -1.34    3.40    0.05
1978 194   -1.36    3.41    0.05
1978 196   -1.37    3.41    0.05
1978 198   -1.39    3.43    0.05
1978 200   -1.41    3.44    0.05
1978 202   -1.43    3.45    0.05
1978 204   -1.45    3.46    0.05
1978 206   -1.46    3.46    0.05
1978 208   -1.48    3.48    0.05
1978 210   -1.50    3.48    0.05
1978 212   -1.51    3.50    0.05
1978 214   -1.53    3.50    0.05
1978 216   -1.55    3.51    0.05
1978 218   -1.57    3.52    0.05
1978 220   -1.59    3.53    0.05
1978 222   -1.60    3.55    0.05
1978 224   -1.62    3.55    0.05
1978 226   -1.64    3.56    0.05
1978 228   -1.65    3.56    0.05
1978 230   -1.67    3.58    0.06
1978 232   -1.69    3.58    0.06
1978 234   -1.71    3.59    0.06
1978 236   -1.72    3.60    0.06
1978 238   -1.74    3.61    0.06
1978 240   -1.76    3.62    0.06
1978 242   -1.77    3.62    0.06
1978 244   -1.79    3.63    0.06
1978 246   -1.81    3.64    0.05
1978 248   -1.82    3.65    0.05
1978 250   -1.84    3.65    0.05
1978 252   -1.85    3.67    0.05
1978 254   -1.87    3.67    0.05
1978 256   -1.89    3.69    0.05
1978 258   -1.90    3.69    0.05
1978 260   -1.93    3.70    0.05
1978 262   -1.94    3.70    0.05
1978 264   -1.95    3.71    0.05
1978 266   -1.97    3.72    0.05
1978 268   -1.99    3.72    0.05
1978 270   -2.00    3.74    0.05
1978 272   -2.02    3.74    0.05
1978 274   -2.04    3.75    0.05
1978 276   -2.05    3.76    0.05
1978 278   -2.07    3.76    0.05
1978 280   -2.08    3.77    0.05
1978 282   -2.10    3.77    0.05
1978 284   -2.12    3.79    0.05
1978 286   -2.14    3.79    0.05
1978 288   -2.15    3.79    0.05
1978 290   -2.16    3.81    0.05
1978 292   -2.18    3.81    0.05
1978 294   -2.20    3.82    0.05
1978 296   -2.21    3.83    0.05
1978 298   -2.23    3.83    0.05
1978 300   -2.24    3.84    0.05
1978 302   -2.26    3.85    0.05
1978 304   -2.28    3.85    0.05
1978 306   -2.29    3.86    0.05
1978 308   -2.30    3.87    0.05
1978 310   -2.33    3.87    0.06
1978 312   -2.34    3.88    0.06
1978 314   -2.35    3.88    0.06
1978 316   -2.38    3.89    0.06
1978 318   -2.39    3.90    0.06
1978 320   -2.40    3.90    0.06
1978 322   -2.42    3.91    0.06
1978 324   -2.44    3.91    0.06
1978 326   -2.45    3.92    0.06
1978 328   -2.47    3.93    0.06
1978 330   -2.48    3.93    0.06
1978 332   -2.50    3.93    0.06
1978 334   -2.51    3.95    0.06
1978 336   -2.53    3.95    0.06
1978 338   -2.54    3.95    0.06
1978 340   -2.55    3.96    0.06
1978 342   -2.58    3.97    0.06
1978 344   -2.59    3.97    0.06
1978 346   -2.60    3.97    0.06
1978 348   -2.62    3.99    0.06
1978 350   -2.63    3.99    0.06
1978 352   -2.64    3.99    0.06
1978 354   -2.67    4.00    0.06
1978 356   -2.68    4.01    0.06
1978 358   -2.69    4.01    0.05
1978 360   -2.71    4.01    0.05
1978 362   -2.72    4.02    0.05
1978 364   -2.74    4.03    0.05
1979   1   -2.75    4.03    0.05
1979   3   -2.76    4.03    0.05
1979   5   -2.79    4.04    0.05
1979   7   -2.80    4.04    0.05
1979   9   -2.81    4.05    0.05
1979  11   -2.83    4.06    0.05
1979  13   -2.84    4.06    0.05
1979  15   -2.86    4.07    0.05
1979  17   -2.87    4.07    0.05
1979  19   -2.89    4.08    0.05
1979  21   -2.90    4.08    0.05
1979  23   -2.91    4.09    0.05
1979  25   -2.93    4.09    0.05
1979  27   -2.95    4.10    0.05
1979  29   -2.96    4.10    0.05
1979  31   -2.97    4.11    0.05
1979  33   -2.99    4.11    0.05
1979  35   -3.00    4.11    0.05
1979  37   -3.02    4.12    0.05
1979  39   -3.03    4.13    0.05
1979  41   -3.04    4.13    0.05
1979  43   -3.06    4.13    0.05
1979  45   -3.08    4.14    0.05
1979  47   -3.09    4.14    0.05
1979  49   -3.10    4.15    0.05
1979  51   -3.12    4.15    0.05
1979  53   -3.14    4.16    0.05
1979  55   -3.15    4.16    0.05
1979  57   -3.16    4.17    0.05
1979  59   -3.18    4.18    0.05
1979  61   -3.19    4.18    0.06
1979  63   -3.20    4.19    0.06
1979  65   -3.23    4.20    0.06
1979  67   -3.26    4.18    0.06
1979  69   -3.29    4.17    0.06
1979  71   -3.32    4.16    0.06
1979  73   -3.34    4.14    0.06
1979  75   -3.37    4.13    0.07
1979  77   -3.39    4.11    0.07
1979  79   -3.41    4.11    0.07
1979  81   -3.44    4.10    0.07
1979  83   -3.46    4.08    0.07
1979  85   -3.49    4.07    0.07
1979  87   -3.51    4.05    0.07
1979  89   -3.54    4.04    0.07
1979  91   -3.56    4.03    0.08
1979  93   -3.58    4.02    0.08
1979  95   -3.61    4.01    0.08
1979  97   -3.63    3.99    0.08
1979  99   -3.65    3.97    0.08
1979 101   -3.68    3.96    0.08
1979 103   -3.70    3.96    0.08
1979 105   -3.72    3.94    0.08
1979 107   -3.75    3.93    0.08
1979 109   -3.78    3.91    0.09
1979 111   -3.79    3.90    0.09
1979 113   -3.82    3.89    0.09
1979 115   -3.85    3.87    0.09
1979 117   -3.87    3.86    0.09
1979 119   -3.89    3.85    0.09
1979 121   -3.91    3.83    0.09
1979 123   -3.94    3.82    0.09
1979 125   -3.96    3.81    0.09
1979 127   -3.99    3.80    0.10
1979 129   -4.01    3.78    0.10
1979 131   -4.04    3.76    0.10
1979 133   -4.06    3.76    0.10
1979 135   -4.08    3.74    0.10
1979 137   -4.10    3.73    0.10
1979 139   -4.12    3.71    0.10
1979 141   -4.15    3.70    0.10
1979 143   -4.17    3.69    0.10
1979 145   -4.20    3.67    0.11
1979 147   -4.22    3.66    0.11
1979 149   -4.24    3.65    0.11
1979 151   -4.26    3.63    0.11
1979 153   -4.28    3.62    0.11
1979 155   -4.31    3.60    0.11
1979 157   -4.33    3.60    0.11
1979 159   -4.36    3.58    0.11
1979 161   -4.38    3.56    0.11
1979 163   -4.40    3.55    0.11
1979 165   -4.43    3.54    0.12
1979 167   -4.45    3.53    0.12
1979 169   -4.48    3.51    0.12
1979 171   -4.50    3.50    0.12
1979 173   -4.52    3.48    0.12
1979 175   -4.54    3.47    0.12
1979 177   -4.57    3.46    0.12
1979 179   -4.58    3.44    0.12
1979 181   -4.60    3.43    0.12
1979 183   -4.63    3.41    0.12
1979 185   -4.65    3.40    0.12
1979 187   -4.67    3.38    0.13
1979 189   -4.69    3.37    0.13
1979 191   -4.72    3.35    0.13
1979 193   -4.75    3.35    0.13
1979 195   -4.77    3.34    0.13
1979 197   -4.79    3.32    0.13
1979 199   -4.81    3.31    0.13
1979 201   -4.84    3.29    0.13
1979 203   -4.86    3.28    0.13
1979 205   -4.88    3.26    0.13
1979 207   -4.90    3.24    0.13
1979 209   -4.92    3.23    0.14
1979 211   -4.94    3.22    0.14
1979 213   -4.97    3.20    0.14
1979 215   -4.99    3.19    0.14
1979 217   -5.01    3.18    0.14
1979 219   -5.03    3.16    0.15
1979 221   -5.05    3.14    0.15
1979 223   -5.08    3.14    0.15
1979 225   -5.10    3.12    0.15
1979 227   -5.12    3.10    0.15
1979 229   -5.14    3.09    0.15
1979 231   -5.16    3.08    0.15
1979 233   -5.18    3.06    0.15
1979 235   -5.20    3.04    0.16
1979 237   -5.23    3.03    0.16
1979 239   -5.25    3.02    0.16
1979 241   -5.27    3.01    0.16
1979 243   -5.29    2.99    0.16
1979 245   -5.31    2.97    0.16
1979 247   -5.33    2.96    0.16
1979 249   -5.36    2.95    0.16
1979 251   -5.38    2.93    0.16
1979 253   -5.40    2.92    0.16
1979 255   -5.42    2.91    0.16
1979 257   -5.44    2.88    0.16
1979 259   -5.47    2.87    0.16
1979 261   -5.49    2.86    0.17
1979 263   -5.51    2.84    0.17
1979 265   -5.53    2.83    0.17
1979 267   -5.55    2.82    0.17
1979 269   -5.57    2.80    0.17
1979 271   -5.59    2.79    0.17
1979 273   -5.61    2.77    0.17
1979 275   -5.64    2.76    0.18
1979 277   -5.66    2.75    0.18
1979 279   -5.67    2.73    0.18
1979 281   -5.69    2.72    0.18
1979 283   -5.72    2.70    0.18
1979 285   -5.74    2.69    0.18
1979 287   -5.76    2.67    0.18
1979 289   -5.78    2.66    0.18
1979 291   -5.80    2.64    0.19
1979 293   -5.82    2.63    0.19
1979 295   -5.84    2.61    0.19
1979 297   -5.87    2.60    0.19
1979 299   -5.89    2.58    0.19
1979 301   -5.90    2.57    0.19
1979 303   -5.93    2.55    0.19
1979 305   -5.95    2.54    0.19
1979 307   -5.97    2.52    0.19
1979 309   -5.99    2.51    0.19
1979 311   -6.01    2.49    0.19
1979 313   -6.03    2.47    0.19
1979 315   -6.06    2.46    0.19
1979 317   -6.07    2.44    0.19
1979 319   -6.10    2.43    0.19
1979 321   -6.12    2.42    0.20
1979 323   -6.13    2.40    0.21
1979 325   -6.16    2.39    0.21
1979 327   -6.18    2.37    0.21
1979 329   -6.19    2.35    0.21
1979 331   -6.22    2.34    0.21
1979 333   -6.24    2.33    0.21
1979 335   -6.26    2.32    0.21
1979 337   -6.28    2.30    0.21
1979 339   -6.30    2.28    0.21
1979 341   -6.32    2.26    0.21
1979 343   -6.34    2.26    0.21
1979 345   -6.36    2.24    0.21
1979 347   -6.38    2.22    0.21
1979 349   -6.40    2.20    0.21
1979 351   -6.42    2.19    0.21
1979 353   -6.44    2.18    0.21
1979 355   -6.46    2.16    0.21
1979 357   -6.48    2.14    0.21
1979 359   -6.50    2.14    0.22
1979 361   -6.52    2.12    0.23
1979 363   -6.55    2.10    0.23
1979 365   -6.56    2.08    0.23
1980   2   -6.58    2.07    0.23
1980   4   -6.60    2.06    0.23
1980   6   -6.62    2.04    0.23
1980   8   -6.64    2.03    0.23
1980  10   -6.66    2.01    0.23
1980  12   -6.69    1.99    0.23
1980  14   -6.70    1.98    0.23
1980  16   -6.72    1.97    0.23
1980  18   -6.74    1.95    0.23
1980  20   -6.76    1.94    0.23
1980  22   -6.78    1.92    0.23
1980  24   -6.81    1.90    0.23
1980  26   -6.82    1.89    0.23
1980  28   -6.84    1.87    0.24
1980  30   -6.86    1.86    0.24
1980  32   -6.88    1.84    0.24
1980  34   -6.90    1.82    0.24
1980  36   -6.92    1.82    0.24
1980  38   -6.94    1.79    0.24
1980  40   -6.96    1.79    0.24
1980  42   -6.98    1.77    0.25
1980  44   -7.00    1.76    0.25
1980  46   -7.01    1.74    0.25
1980  48   -7.04    1.72    0.25
1980  50   -7.05    1.71    0.25
1980  52   -7.08    1.69    0.25
1980  54   -7.09    1.68    0.25
1980  56   -7.12    1.66    0.26
1980  58   -7.14    1.65    0.26
1980  60   -7.15    1.63    0.26
1980  62   -7.18    1.62    0.26
1980  64   -7.19    1.59    0.26
1980  66   -7.21    1.59    0.26
1980  68   -7.23    1.56    0.26
1980  70   -7.25    1.55    0.26
1980  72   -7.27    1.53    0.26
1980  74   -7.29    1.52    0.26
1980  76   -7.31    1.51    0.26
1980  78   -7.33    1.49    0.26
1980  80   -7.35    1.48    0.26
1980  82   -7.36    1.46    0.26
1980  84   -7.38    1.45    0.26
1980  86   -7.40    1.42    0.26
1980  88   -7.42    1.42    0.26
1980  90   -7.44    1.41    0.26
1980  92   -7.46    1.38    0.26
1980  94   -7.48    1.37    0.28
1980  96   -7.49    1.35    0.28
1980  98   -7.52    1.34    0.28
1980 100   -7.54    1.33    0.28
1980 102   -7.55    1.30    0.28
1980 104   -7.57    1.29    0.28
1980 106   -7.59    1.27    0.28
1980 108   -7.61    1.26    0.28
1980 110   -7.63    1.25    0.28
1980 112   -7.65    1.22    0.28
1980 114   -7.67    1.21    0.28
1980 116   -7.68    1.20    0.29
1980 118   -7.71    1.18    0.29
1980 120   -7.73    1.17    0.29
1980 122   -7.74    1.16    0.29
1980 124   -7.76    1.13    0.29
1980 126   -7.78    1.12    0.29
1980 128   -7.80    1.11    0.29
1980 130   -7.82    1.10    0.29
1980 132   -7.84    1.07    0.29
1980 134   -7.85    1.06    0.29
1980 136   -7.87    1.05    0.29
1980 138   -7.89    1.02    0.29
1980 140   -7.91    1.01    0.29
1980 142   -7.93    1.00    0.29
1980 144   -7.94    0.99    0.29
1980 146   -7.97    0.96    0.29
1980 148   -7.99    0.95    0.29
1980 150   -8.00    0.94    0.30
1980 152   -8.02    0.93    0.30
1980 154   -8.04    0.90    0.30
1980 156   -8.06    0.89    0.30
1980 158   -8.08    0.88    0.30
1980 160   -8.10    0.87    0.30
1980 162   -8.11    0.84    0.31
1980 164   -8.13    0.83    0.31
1980 166   -8.15    0.81    0.31
1980 168   -8.16    0.80    0.32
1980 170   -8.19    0.79    0.32
1980 172   -8.21    0.76    0.32
1980 174   -8.22    0.75    0.32
1980 176   -8.24    0.74    0.32
1980 178   -8.26    0.72    0.32
1980 180   -8.27    0.71    0.32
1980 182   -8.29    0.70    0.32
1980 184   -8.32    0.67    0.32
1980 186   -8.33    0.66    0.32
1980 188   -8.35    0.64    0.32
1980 190   -8.37    0.63    0.32
1980 192   -8.39    0.62    0.32
1980 194   -8.40    0.60    0.32
1980 196   -8.42    0.59    0.32
1980 198   -8.45    0.56    0.33
1980 200   -8.46    0.55    0.33
1980 202   -8.48    0.53    0.33
1980 204   -8.50    0.52    0.33
1980 206   -8.51    0.51    0.33
1980 208   -8.53    0.49    0.33
1980 210   -8.55    0.48    0.33
1980 212   -8.57    0.46    0.33
1980 214   -8.58    0.45    0.33
1980 216   -8.60    0.42    0.33
1980 218   -8.62    0.41    0.33
1980 220   -8.63    0.39    0.33
1980 222   -8.66    0.38    0.33
1980 224   -8.68    0.36    0.33
1980 226   -8.70    0.35    0.33
1980 228   -8.71    0.33    0.33
1980 230   -8.73    0.32    0.34
1980 232   -8.75    0.31    0.34
1980 234   -8.76    0.29    0.34
1980 236   -8.78    0.28    0.34
1980 238   -8.80    0.26    0.34
1980 240   -8.82    0.25    0.34
1980 242   -8.83    0.23    0.34
1980 244   -8.85    0.22    0.34
1980 246   -8.87    0.20    0.34
1980 248   -8.89    0.19    0.34
1980 250   -8.90    0.17    0.34
1980 252   -8.92    0.16    0.34
1980 254   -8.94    0.14    0.36
1980 256   -8.96    0.13    0.36
1980 258   -8.97    0.11    0.36
1980 260   -8.99    0.09    0.36
1980 262   -9.01    0.08    0.36
1980 264   -9.03    0.06    0.36
1980 266   -9.04    0.05    0.36
1980 268   -9.06    0.03    0.36
1980 270   -9.08    0.02    0.36
1980 272   -9.10    0.00    0.37
1980 274   -9.11   -0.02    0.37
1980 276   -9.13   -0.03    0.37
1980 278   -9.15   -0.05    0.37
1980 280   -9.17   -0.06    0.37
1980 282   -9.18   -0.08    0.37
1980 284   -9.20   -0.10    0.37
1980 286   -9.22   -0.11    0.37
1980 288   -9.24   -0.13    0.37
1980 290   -9.25   -0.15    0.37
1980 292   -9.27   -0.16    0.37
1980 294   -9.29   -0.18    0.37
1980 296   -9.31   -0.20    0.37
1980 298   -9.32   -0.21    0.37
1980 300   -9.34   -0.23    0.38
1980 302   -9.36   -0.25    0.38
1980 304   -9.38   -0.26    0.38
1980 306   -9.40   -0.26    0.38
1980 308   -9.41   -0.28    0.38
1980 310   -9.43   -0.30    0.38
1980 312   -9.45   -0.31    0.38
1980 314   -9.47   -0.33    0.38
1980 316   -9.49   -0.35    0.38
1980 318   -9.51   -0.37    0.38
1980 320   -9.51   -0.38    0.40
1980 322   -9.52   -0.40    0.42
1980 324   -9.52   -0.43    0.43
1980 326   -9.53   -0.45    0.43
1980 328   -9.54   -0.47    0.45
1980 330   -9.55   -0.48    0.47
1980 332   -9.55   -0.50    0.48
1980 334   -9.56   -0.52    0.50
1980 336   -9.57   -0.54    0.52
1980 338   -9.58   -0.55    0.52
1980 340   -9.59   -0.59    0.54
1980 342   -9.60   -0.60    0.55
1980 344   -9.60   -0.62    0.57
1980 346   -9.60   -0.64    0.59
1980 348   -9.61   -0.66    0.59
1980 350   -9.62   -0.67    0.61
1980 352   -9.63   -0.69    0.62
1980 354   -9.63   -0.71    0.64
1980 356   -9.64   -0.72    0.66
1980 358   -9.65   -0.76    0.66
1980 360   -9.66   -0.78    0.68
1980 362   -9.66   -0.79    0.69
1980 364   -9.67   -0.81    0.71
1980 366   -9.68   -0.83    0.71
1981   2   -9.69   -0.85    0.73
1981   4   -9.69   -0.87    0.75
1981   6   -9.70   -0.88    0.77
1981   8   -9.71   -0.90    0.78
1981  10   -9.72   -0.92    0.79
1981  12   -9.72   -0.95    0.80
1981  14   -9.73   -0.97    0.82
1981  16   -9.73   -0.99    0.84
1981  18   -9.74   -1.01    0.84
1981  20   -9.75   -1.02    0.86
1981  22   -9.76   -1.04    0.88
1981  24   -9.76   -1.06    0.89
1981  26   -9.77   -1.08    0.89
1981  28   -9.78   -1.10    0.91
1981  30   -9.78   -1.11    0.93
1981  32   -9.79   -1.13    0.95
1981  34   -9.80   -1.15    0.95
1981  36   -9.80   -1.17    0.97
1981  38   -9.81   -1.19    0.99
1981  40   -9.82   -1.21    1.00
1981  42   -9.82   -1.24    1.01
1981  44   -9.83   -1.26    1.02
1981  46   -9.83   -1.28    1.04
1981  48   -9.84   -1.30    1.06
1981  50   -9.85   -1.31    1.06
1981  52   -9.85   -1.33    1.08
1981  54   -9.86   -1.35    1.10
1981  56   -9.87   -1.37    1.12
1981  58   -9.88   -1.39    1.12
1981  60   -9.89   -1.41    1.14
1981  62   -9.89   -1.43    1.16
1981  64   -9.90   -1.44    1.17
1981  66   -9.90   -1.46    1.18
1981  68   -9.91   -1.48    1.19
1981  70   -9.91   -1.50    1.21
1981  72   -9.92   -1.52    1.21
1981  74   -9.93   -1.54    1.23
1981  76   -9.93   -1.56    1.25
1981  78   -9.95   -1.58    1.27
1981  80   -9.95   -1.59    1.27
1981  82   -9.96   -1.61    1.29
1981  84   -9.96   -1.63    1.31
1981  86   -9.97   -1.65    1.31
1981  88   -9.97   -1.67    1.33
1981  90   -9.98   -1.69    1.35
1981  92  -10.00   -1.71    1.35
1981  94  -10.00   -1.73    1.37
1981  96  -10.00   -1.75    1.39
1981  98  -10.01   -1.76    1.41
1981 100  -10.01   -1.78    1.41
1981 102  -10.02   -1.80    1.43
1981 104  -10.02   -1.82    1.45
1981 106  -10.04   -1.84    1.45
1981 108  -10.04   -1.86    1.47
1981 110  -10.05   -1.88    1.49
1981 112  -10.05   -1.90    1.49
1981 114  -10.06   -1.92    1.51
1981 116  -10.06   -1.94    1.53
1981 118  -10.08   -1.96    1.53
1981 120  -10.08   -1.98    1.55
1981 122  -10.08   -2.00    1.57
1981 124  -10.09   -2.02    1.57
1981 126  -10.09   -2.04    1.59
1981 128  -10.11   -2.06    1.62
1981 130  -10.11   -2.08    1.62
1981 132  -10.12   -2.10    1.64
1981 134  -10.12   -2.11    1.66
1981 136  -10.13   -2.13    1.66
1981 138  -10.14   -2.15    1.68
1981 140  -10.14   -2.17    1.70
1981 142  -10.15   -2.19    1.70
1981 144  -10.15   -2.21    1.72
1981 146  -10.16   -2.23    1.74
1981 148  -10.17   -2.25    1.74
1981 150  -10.17   -2.27    1.76
1981 152  -10.17   -2.29    1.78
1981 154  -10.18   -2.31    1.78
1981 156  -10.20   -2.32    1.81
1981 158  -10.20   -2.34    1.83
1981 160  -10.20   -2.36    1.83
1981 162  -10.21   -2.37    1.85
1981 164  -10.22   -2.40    1.85
1981 166  -10.22   -2.42    1.87
1981 168  -10.23   -2.44    1.89
1981 170  -10.23   -2.46    1.89
1981 172  -10.24   -2.48    1.91
1981 174  -10.24   -2.50    1.94
1981 176  -10.25   -2.52    1.94
1981 178  -10.26   -2.54    1.96
1981 180  -10.27   -2.56    1.96
1981 182  -10.27   -2.58    1.98
1981 184  -10.27   -2.60    2.00
1981 186  -10.29   -2.60    2.01
1981 188  -10.29   -2.62    2.03
1981 190  -10.29   -2.64    2.05
1981 192  -10.31   -2.67    2.05
1981 194  -10.31   -2.68    2.07
1981 196  -10.31   -2.71    2.07
1981 198  -10.31   -2.72    2.09
1981 200  -10.32   -2.75    2.12
1981 202  -10.33   -2.77    2.12
1981 204  -10.33   -2.79    2.14
1981 206  -10.34   -2.81    2.14
1981 208  -10.35   -2.81    2.16
1981 210  -10.35   -2.83    2.18
1981 212  -10.36   -2.85    2.19
1981 214  -10.36   -2.87    2.21
1981 216  -10.37   -2.90    2.21
1981 218  -10.38   -2.92    2.23
1981 220  -10.38   -2.94    2.25
1981 222  -10.38   -2.96    2.26
1981 224  -10.39   -2.98    2.28
1981 226  -10.40   -2.98    2.28
1981 228  -10.40   -3.00    2.30
1981 230  -10.42   -3.03    2.31
1981 232  -10.42   -3.05    2.33
1981 234  -10.42   -3.07    2.35
1981 236  -10.43   -3.09    2.35
1981 238  -10.43   -3.11    2.37
1981 240  -10.43   -3.13    2.38
1981 242  -10.45   -3.13    2.40
1981 244  -10.45   -3.16    2.40
1981 246  -10.46   -3.18    2.42
1981 248  -10.46   -3.20    2.45
1981 250  -10.47   -3.22    2.45
1981 252  -10.47   -3.24    2.47
1981 254  -10.48   -3.26    2.47
1981 256  -10.48   -3.27    2.49
1981 258  -10.50   -3.29    2.50
1981 260  -10.50   -3.31    2.52
1981 262  -10.51   -3.33    2.52
1981 264  -10.51   -3.35    2.55
1981 266  -10.51   -3.37    2.57
1981 268  -10.52   -3.40    2.57
1981 270  -10.52   -3.40    2.59
1981 272  -10.54   -3.42    2.60
1981 274  -10.54   -3.44    2.62
1981 276  -10.54   -3.47    2.62
1981 278  -10.55   -3.49    2.65
1981 280  -10.55   -3.51    2.65
1981 282  -10.56   -3.51    2.67
1981 284  -10.57   -3.54    2.68
1981 286  -10.57   -3.56    2.70
1981 288  -10.58   -3.58    2.70
1981 290  -10.58   -3.60    2.72
1981 292  -10.58   -3.62    2.75
1981 294  -10.59   -3.63    2.75
1981 296  -10.60   -3.65    2.77
1981 298  -10.60   -3.67    2.78
1981 300  -10.60   -3.69    2.80
1981 302  -10.61   -3.72    2.80
1981 304  -10.62   -3.72    2.83
1981 306  -10.63   -3.74    2.83
1981 308  -10.63   -3.76    2.85
1981 310  -10.64   -3.79    2.86
1981 312  -10.64   -3.81    2.88
1981 314  -10.65   -3.83    2.88
1981 316  -10.65   -3.84    2.91
1981 318  -10.66   -3.86    2.91
1981 320  -10.66   -3.88    2.93
1981 322  -10.66   -3.90    2.94
1981 324  -10.67   -3.93    2.96
1981 326  -10.68   -3.93    2.96
1981 328  -10.69   -3.95    2.99
1981 330  -10.69   -3.98    2.99
1981 332  -10.70   -4.00    3.02
1981 334  -10.70   -4.02    3.02
1981 336  -10.71   -4.03    3.04
1981 338  -10.71   -4.05    3.05
1981 340  -10.72   -4.07    3.07
1981 342  -10.72   -4.09    3.07
1981 344  -10.73   -4.10    3.10
1981 346  -10.74   -4.12    3.10
1981 348  -10.74   -4.14    3.13
1981 350  -10.74   -4.17    3.13
1981 352  -10.75   -4.19    3.16
1981 354  -10.76   -4.19    3.16
1981 356  -10.76   -4.22    3.18
1981 358  -10.76   -4.24    3.19
1981 360  -10.77   -4.26    3.21
1981 362  -10.78   -4.27    3.21
1981 364  -10.79   -4.29    3.22
1982   1  -10.79   -4.31    3.24
1982   3  -10.80   -4.34    3.25
1982   5  -10.80   -4.34    3.27
1982   7  -10.81   -4.37    3.28
1982   9  -10.81   -4.39    3.30
1982  11  -10.82   -4.41    3.31
1982  13  -10.81   -4.43    3.33
1982  15  -10.83   -4.44    3.33
1982  17  -10.82   -4.46    3.36
1982  19  -10.83   -4.49    3.36
1982  21  -10.83   -4.51    3.39
1982  23  -10.85   -4.52    3.39
1982  25  -10.85   -4.54    3.39
1982  27  -10.85   -4.56    3.42
1982  29  -10.85   -4.58    3.42
1982  31  -10.87   -4.59    3.45
1982  33  -10.87   -4.61    3.45
1982  35  -10.87   -4.64    3.48
1982  37  -10.88   -4.64    3.48
1982  39  -10.88   -4.66    3.51
1982  41  -10.89   -4.69    3.51
1982  43  -10.89   -4.71    3.54
1982  45  -10.91   -4.72    3.54
1982  47  -10.91   -4.74    3.55
1982  49  -10.91   -4.77    3.57
1982  51  -10.91   -4.79    3.57
1982  53  -10.92   -4.79    3.60
1982  55  -10.92   -4.82    3.60
1982  57  -10.93   -4.84    3.63
1982  59  -10.93   -4.87    3.64
1982  61  -10.94   -4.87    3.64
1982  63  -10.95   -4.90    3.67
1982  65  -10.95   -4.92    3.67
1982  67  -10.96   -4.92    3.70
1982  69  -10.96   -4.95    3.70
1982  71  -10.96   -4.97    3.73
1982  73  -10.96   -5.00    3.73
1982  75  -10.98   -5.00    3.73
1982  77  -10.98   -5.03    3.76
1982  79  -10.98   -5.05    3.76
1982  81  -10.99   -5.06    3.79
1982  83  -10.99   -5.08    3.79
1982  85  -11.00   -5.11    3.80
1982  87  -11.01   -5.11    3.83
1982  89  -11.01   -5.13    3.83
1982  91  -11.01   -5.16    3.86
1982  93  -11.01   -5.18    3.86
1982  95  -11.02   -5.19    3.89
1982  97  -11.02   -5.21    3.89
1982  99  -11.03   -5.24    3.90
1982 101  -11.04   -5.24    3.93
1982 103  -11.04   -5.27    3.93
1982 105  -11.04   -5.29    3.96
1982 107  -11.05   -5.30    3.96
1982 109  -11.06   -5.32    3.96
1982 111  -11.06   -5.35    3.99
1982 113  -11.07   -5.35    4.00
1982 115  -11.07   -5.38    4.02
1982 117  -11.07   -5.40    4.03
1982 119  -11.09   -5.41    4.03
1982 121  -11.09   -5.43    4.06
1982 123  -11.09   -5.46    4.06
1982 125  -11.09   -5.48    4.09
1982 127  -11.11   -5.49    4.10
1982 129  -11.11   -5.51    4.10
1982 131  -11.11   -5.54    4.13
1982 133  -11.12   -5.54    4.13
1982 135  -11.12   -5.57    4.14
1982 137  -11.12   -5.59    4.17
1982 139  -11.13   -5.60    4.17
1982 141  -11.13   -5.62    4.20
1982 143  -11.13   -5.65    4.20
1982 145  -11.15   -5.66    4.21
1982 147  -11.15   -5.68    4.24
1982 149  -11.15   -5.70    4.24
1982 151  -11.16   -5.71    4.24
1982 153  -11.16   -5.74    4.27
1982 155  -11.17   -5.74    4.28
1982 157  -11.17   -5.77    4.30
1982 159  -11.18   -5.80    4.31
1982 161  -11.19   -5.80    4.31
1982 163  -11.19   -5.82    4.34
1982 165  -11.19   -5.85    4.35
1982 167  -11.20   -5.86    4.35
1982 169  -11.20   -5.88    4.38
1982 171  -11.20   -5.91    4.38
1982 173  -11.21   -5.91    4.41
1982 175  -11.22   -5.94    4.42
1982 177  -11.22   -5.96    4.42
1982 179  -11.22   -5.97    4.45
1982 181  -11.23   -6.00    4.46
1982 183  -11.23   -6.02    4.46
1982 185  -11.24   -6.03    4.49
1982 187  -11.24   -6.05    4.50
1982 189  -11.25   -6.06    4.50
1982 191  -11.25   -6.08    4.53
1982 193  -11.26   -6.11    4.54
1982 195  -11.27   -6.12    4.54
1982 197  -11.27   -6.14    4.57
1982 199  -11.27   -6.17    4.58
1982 201  -11.28   -6.18    4.58
1982 203  -11.28   -6.20    4.61
1982 205  -11.29   -6.21    4.61
1982 207  -11.29   -6.23    4.62
1982 209  -11.29   -6.26    4.65
1982 211  -11.31   -6.27    4.65
1982 213  -11.30   -6.29    4.68
1982 215  -11.30   -6.32    4.69
1982 217  -11.32   -6.33    4.69
1982 219  -11.31   -6.35    4.72
1982 221  -11.33   -6.36    4.73
1982 223  -11.33   -6.38    4.73
1982 225  -11.32   -6.40    4.76
1982 227  -11.34   -6.41    4.77
1982 229  -11.34   -6.44    4.77
1982 231  -11.34   -6.44    4.80
1982 233  -11.35   -6.47    4.81
1982 235  -11.35   -6.50    4.81
1982 237  -11.35   -6.50    4.84
1982 239  -11.36   -6.53    4.85
1982 241  -11.37   -6.54    4.85
1982 243  -11.38   -6.57    4.86
1982 245  -11.37   -6.59    4.89
1982 247  -11.38   -6.60    4.89
1982 249  -11.39   -6.63    4.90
1982 251  -11.39   -6.63    4.93
1982 253  -11.39   -6.66    4.93
1982 255  -11.40   -6.69    4.94
1982 257  -11.40   -6.69    4.97
1982 259  -11.40   -6.72    4.98
1982 261  -11.42   -6.73    4.98
1982 263  -11.42   -6.75    5.01
1982 265  -11.41   -6.78    5.02
1982 267  -11.43   -6.79    5.02
1982 269  -11.43   -6.81    5.05
1982 271  -11.43   -6.82    5.06
1982 273  -11.44   -6.85    5.06
1982 275  -11.45   -6.85    5.09
1982 277  -11.45   -6.88    5.10
1982 279  -11.45   -6.91    5.10
1982 281  -11.46   -6.91    5.11
1982 283  -11.46   -6.94    5.14
1982 285  -11.47   -6.94    5.15
1982 287  -11.47   -6.97    5.15
1982 289  -11.48   -6.98    5.18
1982 291  -11.48   -7.01    5.19
1982 293  -11.48   -7.03    5.19
1982 295  -11.49   -7.04    5.23
1982 297  -11.49   -7.07    5.23
1982 299  -11.50   -7.07    5.24
1982 301  -11.50   -7.10    5.24
1982 303  -11.51   -7.11    5.27
1982 305  -11.51   -7.14    5.28
1982 307  -11.51   -7.16    5.29
1982 309  -11.52   -7.17    5.32
1982 311  -11.52   -7.20    5.32
1982 313  -11.54   -7.21    5.33
1982 315  -11.52   -7.23    5.36
1982 317  -11.54   -7.24    5.37
1982 319  -11.54   -7.27    5.37
1982 321  -11.55   -7.27    5.38
1982 323  -11.54   -7.30    5.41
1982 325  -11.55   -7.33    5.42
1982 327  -11.56   -7.34    5.42
1982 329  -11.55   -7.36    5.45
1982 331  -11.57   -7.37    5.46
1982 333  -11.57   -7.40    5.46
1982 335  -11.58   -7.41    5.47
1982 337  -11.57   -7.43    5.50
1982 339  -11.59   -7.44    5.51
1982 341  -11.59   -7.47    5.51
1982 343  -11.58   -7.49    5.55
1982 345  -11.59   -7.50    5.55
1982 347  -11.59   -7.53    5.56
1982 349  -11.61   -7.54    5.56
1982 351  -11.60   -7.56    5.60
1982 353  -11.61   -7.57    5.60
1982 355  -11.61   -7.60    5.61
1982 357  -11.63   -7.61    5.62
1982 359  -11.62   -7.64    5.65
1982 361  -11.63   -7.64    5.65
1982 363  -11.63   -7.67    5.66
1982 365  -11.64   -7.68    5.69
