YYYY DOY   X(au)   Y(au)   Z(au)
1977 249    0.80   -0.60    0.13
1977 251    0.46   -0.89    0.13
1977 253    0.03   -1.00    0.13
1977 255   -0.41   -0.91    0.13
1977 257   -0.77   -0.65    0.13
1977 259   -0.98   -0.25    0.13
1977 261   -1.00    0.20    0.13
1977 263   -0.81    0.62    0.13
1977 265   -0.47    0.92    0.13
1977 267   -0.02    1.04    0.13
1977 269    0.44    0.95    0.13
1977 271    0.83    0.67    0.13
1977 273    1.04    0.24    0.13
1977 275    1.05   -0.25    0.13
1977 277    0.85   -0.69    0.13
1977 279    0.46   -1.00    0.13
1977 281   -0.03   -1.12    0.13
1977 283   -0.53   -1.00    0.13
1977 285   -0.93   -0.67    0.12
1977 287   -1.15   -0.19    0.12
1977 289   -1.12    0.35    0.12
1977 291   -0.86    0.82    0.12
1977 293   -0.41    1.13    0.12
1977 295    0.14    1.22    0.12
1977 297    0.69    1.04    0.12
1977 299    1.09    0.63    0.11
1977 301    1.27    0.07    0.11
1977 303    1.19   -0.52    0.11
1977 305    0.84   -1.01    0.11
1977 307    0.29   -1.29    0.10
1977 309   -0.33   -1.30    0.10
1977 311   -0.90   -1.03    0.10
1977 313   -1.29   -0.52    0.10
1977 315   -1.40    0.13    0.10
1977 317   -1.21    0.76    0.09
1977 319   -0.74    1.24    0.09
1977 321   -0.09    1.46    0.09
1977 323    0.59    1.36    0.09
1977 325    1.16    0.95    0.08
1977 327    1.48    0.32    0.08
1977 329    1.48   -0.40    0.08
1977 331    1.15   -1.05    0.08
1977 333    0.54   -1.48    0.07
1977 335   -0.20   -1.59    0.07
1977 337   -0.92   -1.33    0.07
1977 339   -1.44   -0.77    0.07
1977 341   -1.66   -0.02    0.06
1977 343   -1.51    0.76    0.06
1977 345   -1.00    1.38    0.06
1977 347   -0.25    1.71    0.06
1977 349    0.57    1.65    0.05
1977 351    1.29    1.22    0.05
1977 353    1.72    0.49    0.05
1977 355    1.77   -0.37    0.05
1977 357    1.42   -1.16    0.04
1977 359    0.73   -1.70    0.04
1977 361   -0.15   -1.86    0.04
1977 363   -1.00   -1.60    0.04
1977 365   -1.65   -0.96    0.03
1978   2   -1.93   -0.09    0.03
1978   4   -1.77    0.82    0.03
1978   6   -1.19    1.57    0.02
1978   8   -0.33    1.96    0.02
1978  10    0.62    1.91    0.02
1978  12    1.46    1.41    0.02
1978  14    1.97    0.58    0.01
1978  16    2.03   -0.41    0.01
1978  18    1.62   -1.32    0.01
1978  20    0.83   -1.94    0.00
1978  22   -0.17   -2.12    0.00
1978  24   -1.16   -1.81    0.00
1978  26   -1.88   -1.08   -0.00
1978  28   -2.19   -0.07   -0.00
1978  30   -1.99    0.97   -0.01
1978  32   -1.32    1.80   -0.01
1978  34   -0.33    2.23   -0.02
1978  36    0.75    2.14   -0.02
1978  38    1.68    1.55   -0.02
1978  40    2.23    0.59   -0.02
1978  42    2.27   -0.53   -0.02
1978  44    1.78   -1.54   -0.03
1978  46    0.86   -2.21   -0.03
1978  48   -0.28   -2.37   -0.03
1978  50   -1.37   -1.98   -0.04
1978  52   -2.16   -1.12   -0.04
1978  54   -2.45    0.02   -0.04
1978  56   -2.17    1.17   -0.04
1978  58   -1.37    2.07   -0.05
1978  60   -0.25    2.49   -0.05
1978  62    0.96    2.33   -0.05
1978  64    1.95    1.63   -0.05
1978  66    2.51    0.52   -0.06
1978  68    2.48   -0.72   -0.06
1978  70    1.87   -1.81   -0.06
1978  72    0.81   -2.49   -0.06
1978  74   -0.46   -2.60   -0.07
1978  76   -1.63   -2.08   -0.07
1978  78   -2.44   -1.08   -0.07
1978  80   -2.68    0.19   -0.08
1978  82   -2.29    1.44   -0.08
1978  84   -1.36    2.37   -0.08
1978  86   -0.09    2.75   -0.09
1978  88    1.22    2.48   -0.09
1978  90    2.25    1.63   -0.09
1978  92    2.77    0.38   -0.09
1978  94    2.64   -0.98   -0.09
1978  96    1.89   -2.12   -0.10
1978  98    0.68   -2.78   -0.10
1978 100   -0.72   -2.79   -0.11
1978 102   -1.95   -2.13   -0.11
1978 104   -2.74   -0.97   -0.11
1978 106   -2.89    0.44   -0.11
1978 108   -2.37    1.76   -0.11
1978 110   -1.26    2.67   -0.11
1978 112    0.15    2.97   -0.12
1978 114    1.53    2.57   -0.12
1978 116    2.58    1.56   -0.12
1978 118    3.03    0.16   -0.13
1978 120    2.76   -1.29   -0.13
1978 122    1.84   -2.46   -0.13
1978 124    0.47   -3.05   -0.13
1978 126   -1.03   -2.93   -0.14
1978 128   -2.29   -2.11   -0.14
1978 130   -3.04   -0.79   -0.14
1978 132   -3.07    0.74   -0.14
1978 134   -2.36    2.11   -0.14
1978 136   -1.10    2.99   -0.15
1978 138    0.45    3.18   -0.15
1978 140    1.90    2.61   -0.15
1978 142    2.91    1.41   -0.16
1978 144    3.25   -0.13   -0.16
1978 146    2.83   -1.66   -0.16
1978 148    1.71   -2.80   -0.17
1978 150    0.19   -3.30   -0.17
1978 152   -1.39   -3.02   -0.17
1978 154   -2.66   -2.01   -0.17
1978 156   -3.31   -0.52   -0.18
1978 158   -3.19    1.11   -0.18
1978 160   -2.29    2.49   -0.18
1978 162   -0.85    3.30   -0.18
1978 164    0.81    3.33   -0.19
1978 166    2.29    2.56   -0.19
1978 168    3.24    1.19   -0.19
1978 170    3.44   -0.49   -0.19
1978 172    2.81   -2.06   -0.19
1978 174    1.51   -3.16   -0.20
1978 176   -0.15   -3.51   -0.20
1978 178   -1.80   -3.04   -0.20
1978 180   -3.04   -1.84   -0.20
1978 182   -3.56   -0.19   -0.21
1978 184   -3.24    1.53   -0.21
1978 186   -2.15    2.89   -0.21
1978 188   -0.53    3.57   -0.21
1978 190    1.22    3.42   -0.22
1978 192    2.70    2.44   -0.22
1978 194    3.55    0.89   -0.22
1978 196    3.56   -0.90   -0.22
1978 198    2.73   -2.49   -0.23
1978 200    1.23   -3.50   -0.23
1978 202   -0.56   -3.68   -0.23
1978 204   -2.25   -2.99   -0.24
1978 206   -3.40   -1.58   -0.24
1978 208   -3.77    0.22   -0.24
1978 210   -3.23    1.98   -0.24
1978 212   -1.92    3.28   -0.24
1978 214   -0.15    3.81   -0.25
1978 216    1.68    3.44   -0.25
1978 218    3.12    2.25   -0.25
1978 220    3.83    0.51   -0.25
1978 222    3.63   -1.37   -0.25
1978 224    2.56   -2.93   -0.26
1978 226    0.88   -3.81   -0.26
1978 228   -1.03   -3.78   -0.26
1978 230   -2.71   -2.86   -0.26
1978 232   -3.75   -1.25   -0.26
1978 234   -3.91    0.68   -0.26
1978 236   -3.14    2.45   -0.27
1978 238   -1.61    3.66   -0.27
1978 240    0.31    4.00   -0.27
1978 242    2.17    3.39   -0.27
1978 244    3.53    1.97   -0.28
1978 246    4.05    0.07   -0.28
1978 248    3.62   -1.86   -0.28
1978 250    2.32   -3.36   -0.29
1978 252    0.45   -4.08   -0.29
1978 254   -1.53   -3.81   -0.29
1978 256   -3.17   -2.65   -0.29
1978 258   -4.05   -0.84   -0.30
1978 260   -3.99    1.18   -0.30
1978 262   -2.96    2.93   -0.30
1978 264   -1.23    3.99   -0.30
1978 266    0.82    4.12   -0.30
1978 268    2.67    3.25   -0.30
1978 270    3.91    1.61   -0.31
1978 272    4.22   -0.43   -0.31
1978 274    3.53   -2.38   -0.31
1978 276    1.98   -3.78   -0.31
1978 278   -0.04   -4.28   -0.31
1978 280   -2.06   -3.77   -0.32
1978 282   -3.61   -2.35   -0.32
1978 284   -4.31   -0.36   -0.33
1978 286   -3.98    1.72   -0.33
1978 288   -2.70    3.41   -0.33
1978 290   -0.77    4.30   -0.33
1978 292    1.36    4.16   -0.33
1978 294    3.18    3.04   -0.33
1978 296    4.25    1.17   -0.33
1978 298    4.31   -0.98   -0.34
1978 300    3.35   -2.91   -0.34
1978 302    1.57   -4.16   -0.34
1978 304   -0.58   -4.42   -0.34
1978 306   -2.61   -3.64   -0.34
1978 308   -4.03   -1.97   -0.35
1978 310   -4.50    0.17   -0.35
1978 312   -3.89    2.29   -0.36
1978 314   -2.35    3.87   -0.36
1978 316   -0.25    4.54   -0.36
1978 318    1.94    4.12   -0.36
1978 320    3.67    2.72   -0.36
1978 322    4.54    0.66   -0.36
1978 324    4.32   -1.56   -0.36
1978 326    3.07   -3.43   -0.36
1978 328    1.09   -4.50   -0.37
1978 330   -1.17   -4.49   -0.37
1978 332   -3.16   -3.40   -0.37
1978 334   -4.41   -1.51   -0.38
1978 336   -4.61    0.76   -0.38
1978 338   -3.71    2.86   -0.38
1978 340   -1.92    4.29   -0.38
1978 342    0.34    4.70   -0.38
1978 344    2.53    3.99   -0.39
1978 346    4.12    2.32   -0.39
1978 348    4.75    0.09   -0.39
1978 350    4.24   -2.17   -0.39
1978 352    2.71   -3.93   -0.39
1978 354    0.53   -4.76   -0.39
1978 356   -1.79   -4.46   -0.39
1978 358   -3.70   -3.08   -0.40
1978 360   -4.73   -0.97   -0.40
1978 362   -4.64    1.39   -0.41
1978 364   -3.44    3.43   -0.41
1979   1   -1.41    4.66   -0.41
1979   3    0.97    4.78   -0.41
1979   5    3.13    3.76   -0.41
1979   7    4.55    1.84   -0.41
1979   9    4.88   -0.53   -0.41
1979  11    4.07   -2.79   -0.41
1979  13    2.26   -4.40   -0.42
1979  15   -0.09   -4.95   -0.42
1979  17   -2.43   -4.33   -0.43
1979  19   -4.20   -2.68   -0.43
1979  21   -4.98   -0.37   -0.43
1979  23   -4.57    2.04   -0.43
1979  25   -3.06    3.97   -0.43
1979  27   -0.82    4.96   -0.43
1979  29    1.63    4.77   -0.43
1979  31    3.70    3.44   -0.43
1979  33    4.90    1.28   -0.43
1979  35    4.93   -1.20   -0.44
1979  37    3.79   -3.40   -0.45
1979  39    1.73   -4.80   -0.45
1979  41   -0.76   -5.05   -0.45
1979  43   -3.06   -4.11   -0.45
1979  45   -4.66   -2.17   -0.45
1979  47   -5.14    0.30   -0.45
1979  49   -4.40    2.70   -0.45
1979  51   -2.60    4.47   -0.45
1979  53   -0.17    5.19   -0.45
1979  55    2.31    4.66   -0.45
1979  57    4.25    3.01   -0.46
1979  59    5.19    0.65   -0.47
1979  61    4.88   -1.89   -0.47
1979  63    3.41   -3.99   -0.47
1979  65    1.12   -5.16   -0.47
1979  67   -1.43   -5.08   -0.47
1979  69   -3.66   -3.82   -0.47
1979  71   -5.04   -1.65   -0.47
1979  73   -5.22    0.91   -0.47
1979  75   -4.18    3.27   -0.47
1979  77   -2.15    4.85   -0.48
1979  79    0.39    5.30   -0.48
1979  81    2.84    4.51   -0.48
1979  83    4.63    2.64   -0.48
1979  85    5.34    0.15   -0.49
1979  87    4.78   -2.38   -0.49
1979  89    3.10   -4.36   -0.49
1979  91    0.69   -5.31   -0.49
1979  93   -1.89   -5.01   -0.49
1979  95   -4.04   -3.54   -0.49
1979  97   -5.24   -1.22   -0.49
1979  99   -5.19    1.39   -0.50
1979 101   -3.93    3.68   -0.50
1979 103   -1.74    5.11   -0.50
1979 105    0.87    5.33   -0.50
1979 107    3.28    4.30   -0.50
1979 109    4.93    2.25   -0.50
1979 111    5.41   -0.33   -0.50
1979 113    4.62   -2.84   -0.50
1979 115    2.74   -4.69   -0.50
1979 117    0.21   -5.44   -0.51
1979 119   -2.38   -4.90   -0.51
1979 121   -4.41   -3.21   -0.51
1979 123   -5.41   -0.75   -0.51
1979 125   -5.14    1.89   -0.51
1979 127   -3.65    4.10   -0.51
1979 129   -1.29    5.33   -0.52
1979 131    1.38    5.32   -0.52
1979 133    3.73    4.05   -0.52
1979 135    5.21    1.82   -0.52
1979 137    5.46   -0.85   -0.52
1979 139    4.42   -3.32   -0.52
1979 141    2.34   -5.02   -0.52
1979 143   -0.30   -5.54   -0.52
1979 145   -2.88   -4.75   -0.53
1979 147   -4.79   -2.84   -0.53
1979 149   -5.57   -0.24   -0.53
1979 151   -5.03    2.41   -0.53
1979 153   -3.31    4.50   -0.53
1979 155   -0.80    5.54   -0.53
1979 157    1.91    5.27   -0.53
1979 159    4.17    3.76   -0.53
1979 161    5.46    1.35   -0.53
1979 163    5.46   -1.38   -0.53
1979 165    4.18   -3.80   -0.53
1979 167    1.89   -5.33   -0.53
1979 169   -0.85   -5.60   -0.54
1979 171   -3.39   -4.55   -0.54
1979 173   -5.14   -2.42   -0.55
1979 175   -5.69    0.29   -0.55
1979 177   -4.88    2.95   -0.55
1979 179   -2.92    4.90   -0.55
1979 181   -0.27    5.71   -0.55
1979 183    2.46    5.17   -0.55
1979 185    4.61    3.41   -0.55
1979 187    5.68    0.83   -0.55
1979 189    5.41   -1.95   -0.55
1979 191    3.86   -4.28   -0.55
1979 193    1.40   -5.61   -0.56
1979 195   -1.42   -5.62   -0.56
1979 197   -3.91   -4.29   -0.56
1979 199   -5.48   -1.95   -0.56
1979 201   -5.76    0.87   -0.56
1979 203   -4.68    3.49   -0.56
1979 205   -2.49    5.29   -0.56
1979 207    0.31    5.84   -0.56
1979 209    3.03    5.02   -0.56
1979 211    5.04    3.01   -0.57
1979 213    5.88    0.27   -0.57
1979 215    5.32   -2.54   -0.57
1979 217    3.50   -4.75   -0.57
1979 219    0.84   -5.85   -0.57
1979 221   -2.02   -5.57   -0.57
1979 223   -4.42   -3.97   -0.57
1979 225   -5.78   -1.42   -0.57
1979 227   -5.78    1.47   -0.57
1979 229   -4.40    4.03   -0.58
1979 231   -1.99    5.64   -0.58
1979 233    0.92    5.92   -0.58
1979 235    3.60    4.80   -0.58
1979 237    5.46    2.54   -0.58
1979 239    6.02   -0.34   -0.58
1979 241    5.16   -3.15   -0.58
1979 243    3.07   -5.21   -0.58
1979 245    0.24   -6.06   -0.58
1979 247   -2.64   -5.47   -0.58
1979 249   -4.93   -3.58   -0.59
1979 251   -6.04   -0.84   -0.59
1979 253   -5.73    2.12   -0.59
1979 255   -4.06    4.58   -0.59
1979 257   -1.42    5.96   -0.59
1979 259    1.56    5.95   -0.59
1979 261    4.19    4.51   -0.59
1979 263    5.84    2.01   -0.59
1979 265    6.10   -0.99   -0.60
1979 267    4.93   -3.77   -0.60
1979 269    2.58   -5.65   -0.60
1979 271   -0.40   -6.21   -0.60
1979 273   -3.28   -5.30   -0.60
1979 275   -5.41   -3.13   -0.60
1979 277   -6.26   -0.20   -0.60
1979 279   -5.62    2.78   -0.60
1979 281   -3.65    5.11   -0.60
1979 283   -0.80    6.25   -0.61
1979 285    2.24    5.90   -0.61
1979 287    4.77    4.15   -0.61
1979 289    6.18    1.40   -0.61
1979 291    6.13   -1.68   -0.61
1979 293    4.61   -4.38   -0.61
1979 295    2.00   -6.05   -0.61
1979 297   -1.09   -6.30   -0.62
1979 299   -3.94   -5.04   -0.62
1979 301   -5.87   -2.59   -0.62
1979 303   -6.41    0.49   -0.62
1979 305   -5.43    3.46   -0.62
1979 307   -3.16    5.62   -0.62
1979 309   -0.12    6.47   -0.62
1979 311    2.95    5.77   -0.61
1979 313    5.33    3.70   -0.61
1979 315    6.47    0.75   -0.62
1979 317    6.06   -2.40   -0.62
1979 319    4.22   -5.00   -0.62
1979 321    1.36   -6.41   -0.62
1979 323   -1.82   -6.30   -0.62
1979 325   -4.60   -4.71   -0.62
1979 327   -6.29   -1.98   -0.62
1979 329   -6.49    1.23   -0.62
1979 331   -5.15    4.16   -0.63
1979 333   -2.58    6.11   -0.63
1979 335    0.60    6.62   -0.63
1979 337    3.67    5.56   -0.63
1979 339    5.87    3.17   -0.63
1979 341    6.69    0.02   -0.63
1979 343    5.92   -3.15   -0.63
1979 345    3.74   -5.58   -0.64
1979 347    0.66   -6.70   -0.64
1979 349   -2.59   -6.22   -0.64
1979 351   -5.24   -4.27   -0.64
1979 353   -6.64   -1.30   -0.64
1979 355   -6.49    2.00   -0.64
1979 357   -4.78    4.83   -0.64
1979 359   -1.94    6.54   -0.64
1979 361    1.38    6.69   -0.65
1979 363    4.39    5.25   -0.65
1979 365    6.36    2.56   -0.65
1980   2    6.83   -0.75   -0.65
1980   4    5.68   -3.90   -0.65
1980   6    3.16   -6.13   -0.65
1980   8   -0.11   -6.92   -0.65
1980  10   -3.37   -6.06   -0.64
1980  12   -5.85   -3.75   -0.64
1980  14   -6.94   -0.55   -0.65
1980  16   -6.39    2.81   -0.65
1980  18   -4.31    5.50   -0.65
1980  20   -1.21    6.91   -0.65
1980  22    2.20    6.66   -0.65
1980  24    5.11    4.85   -0.65
1980  26    6.80    1.85   -0.65
1980  28    6.89   -1.59   -0.66
1980  30    5.33   -4.66   -0.66
1980  32    2.50   -6.65   -0.66
1980  34   -0.94   -7.05   -0.66
1980  36   -4.17   -5.78   -0.66
1980  38   -6.42   -3.13   -0.66
1980  40   -7.15    0.27   -0.66
1980  42   -6.18    3.63   -0.67
1980  44   -3.75    6.14   -0.67
1980  46   -0.39    7.19   -0.67
1980  48    3.06    6.54   -0.67
1980  50    5.80    4.32   -0.67
1980  52    7.17    1.07   -0.67
1980  54    6.83   -2.45   -0.67
1980  56    4.88   -5.40   -0.68
1980  58    1.74   -7.09   -0.68
1980  60   -1.82   -7.08   -0.67
1980  62   -4.96   -5.40   -0.67
1980  64   -6.93   -2.41   -0.67
1980  66   -7.27    1.15   -0.67
1980  68   -5.87    4.46   -0.67
1980  70   -3.06    6.72   -0.67
1980  72    0.48    7.38   -0.67
1980  74    3.92    6.30   -0.68
1980  76    6.45    3.71   -0.68
1980  78    7.45    0.21   -0.68
1980  80    6.68   -3.34   -0.68
1980  82    4.31   -6.11   -0.68
1980  84    0.91   -7.44   -0.68
1980  86   -2.73   -7.00   -0.68
1980  88   -5.73   -4.89   -0.69
1980  90   -7.38   -1.61   -0.69
1980  92   -7.27    2.07   -0.69
1980  94   -5.43    5.28   -0.69
1980  96   -2.29    7.23   -0.69
1980  98    1.40    7.48   -0.69
1980 100    4.79    5.94   -0.69
1980 102    7.04    2.97   -0.70
1980 104    7.63   -0.71   -0.68
1980 106    6.39   -4.24   -0.68
1980 108    3.63   -6.78   -0.69
1980 110   -0.00   -7.71   -0.69
1980 112   -3.66   -6.80   -0.69
1980 114   -6.45   -4.27   -0.69
1980 116   -7.72   -0.72   -0.69
1980 118   -7.15    3.04   -0.69
1980 120   -4.88    6.07   -0.70
1980 122   -1.43    7.67   -0.70
1980 124    2.38    7.45   -0.70
1980 126    5.63    5.46   -0.70
1980 128    7.55    2.15   -0.70
1980 130    7.69   -1.69   -0.70
1980 132    5.99   -5.13   -0.70
1980 134    2.84   -7.37   -0.70
1980 136   -0.98   -7.86   -0.71
1980 138   -4.58   -6.47   -0.71
1980 140   -7.12   -3.53   -0.71
1980 142   -7.96    0.25   -0.71
1980 144   -6.90    4.00   -0.71
1980 146   -4.20    6.80   -0.71
1980 148   -0.49    8.00   -0.70
1980 150    3.37    7.29   -0.70
1980 152    6.43    4.84   -0.70
1980 154    7.98    1.22   -0.71
1980 156    7.62   -2.70   -0.71
1980 158    5.44   -6.00   -0.71
1980 160    1.96   -7.88   -0.71
1980 162   -2.01   -7.88   -0.71
1980 164   -5.51   -6.01   -0.71
1980 166   -7.71   -2.69   -0.71
1980 168   -8.08    1.28   -0.72
1980 170   -6.52    4.97   -0.72
1980 172   -3.41    7.48   -0.72
1980 174    0.55    8.21   -0.72
1980 176    4.37    7.00   -0.72
1980 178    7.18    4.10   -0.72
1980 180    8.28    0.22   -0.72
1980 182    7.41   -3.74   -0.73
1980 184    4.77   -6.81   -0.73
1980 186    0.97   -8.27   -0.73
1980 188   -3.06   -7.77   -0.73
1980 190   -6.39   -5.40   -0.72
1980 192   -8.21   -1.74   -0.72
1980 194   -8.06    2.36   -0.72
1980 196   -6.00    5.90   -0.72
1980 198   -2.50    8.06   -0.72
1980 200    1.61    8.29   -0.72
1980 202    5.36    6.55   -0.73
1980 204    7.85    3.23   -0.73
1980 206    8.46   -0.86   -0.73
1980 208    7.05   -4.78   -0.73
1980 210    3.97   -7.56   -0.73
1980 212   -0.09   -8.56   -0.73
1980 214   -4.14   -7.50   -0.73
1980 216   -7.21   -4.67   -0.74
1980 218   -8.58   -0.69   -0.74
1980 220   -7.90    3.45   -0.74
1980 222   -5.33    6.80   -0.74
1980 224   -1.47    8.53   -0.74
1980 226    2.74    8.23   -0.74
1980 228    6.32    5.96   -0.74
1980 230    8.41    2.27   -0.73
1980 232    8.50   -1.99   -0.73
1980 234    6.55   -5.79   -0.73
1980 236    3.04   -8.22   -0.74
1980 238   -1.22   -8.69   -0.74
1980 240   -5.21   -7.09   -0.74
1980 242   -7.95   -3.79   -0.74
1980 244   -8.82    0.43   -0.74
1980 246   -7.58    4.57   -0.74
1980 248   -4.53    7.63   -0.74
1980 250   -0.37    8.87   -0.75
1980 252    3.89    8.00   -0.75
1980 254    7.22    5.23   -0.75
1980 256    8.86    1.18   -0.75
1980 258    8.37   -3.16   -0.75
1980 260    5.90   -6.76   -0.75
1980 262    1.99   -8.76   -0.75
1980 264   -2.41   -8.68   -0.76
1980 266   -6.23   -6.52   -0.76
1980 268   -8.60   -2.79   -0.76
1980 270   -8.91    1.62   -0.76
1980 272   -7.11    5.65   -0.75
1980 274   -3.58    8.35   -0.75
1980 276    0.81    9.07   -0.75
1980 278    5.03    7.62   -0.75
1980 280    8.05    4.35   -0.75
1980 282    9.16    0.02   -0.75
1980 284    8.09   -4.34   -0.75
1980 286    5.08   -7.67   -0.76
1980 288    0.85   -9.18   -0.76
1980 290   -3.61   -8.50   -0.76
1980 292   -7.22   -5.78   -0.76
1980 294   -9.12   -1.67   -0.76
1980 296   -8.84    2.84   -0.76
1980 298   -6.45    6.70   -0.76
1980 300   -2.51    8.98   -0.77
1980 302    2.05    9.11   -0.77
1980 304    6.13    7.07   -0.77
1980 306    8.77    3.33   -0.77
1980 308    9.31   -1.23   -0.77
1980 310    7.63   -5.50   -0.77
1980 312    4.13   -8.47   -0.78
1980 314   -0.38   -9.44   -0.78
1980 316   -4.82   -8.15   -0.76
1980 318   -8.13   -4.90   -0.76
1980 320   -9.49   -0.48   -0.75
1980 322   -8.59    4.08   -0.75
1980 324   -5.64    7.66   -0.73
1980 326   -1.34    9.43   -0.72
1980 328    3.28    8.95   -0.70
1980 330    7.14    6.34   -0.68
1980 332    9.30    2.20   -0.67
1980 334    9.25   -2.46   -0.65
1980 336    6.98   -6.56   -0.64
1980 338    3.06   -9.09   -0.64
1980 340   -1.62   -9.46   -0.62
1980 342   -5.92   -7.57   -0.60
1980 344   -8.80   -3.88   -0.59
1980 346   -9.59    0.76   -0.57
1980 348   -8.11    5.20   -0.56
1980 350   -4.68    8.43   -0.56
1980 352   -0.12    9.65   -0.54
1980 354    4.46    8.57   -0.52
1980 356    8.00    5.44   -0.51
1980 358    9.63    1.01   -0.49
1980 360    8.97   -3.68   -0.47
1980 362    6.16   -7.50   -0.47
1980 364    1.89   -9.53   -0.46
1980 366   -2.86   -9.30   -0.44
1981   2   -6.94   -6.84   -0.43
1981   4   -9.35   -2.75   -0.41
1981   6   -9.55    2.01   -0.39
1981   8   -7.46    6.31   -0.39
1981  10   -3.60    9.10   -0.38
1981  12    1.14    9.73   -0.36
1981  14    5.61    8.04   -0.34
1981  16    8.76    4.43   -0.33
1981  18    9.82   -0.26   -0.33
1981  20    8.54   -4.87   -0.31
1981  22    5.22   -8.35   -0.29
1981  24    0.64   -9.84   -0.28
1981  26   -4.09   -8.98   -0.26
1981  28   -7.87   -5.97   -0.26
1981  30   -9.77   -1.53   -0.24
1981  32   -9.34    3.27   -0.22
1981  34   -6.68    7.32   -0.21
1981  36   -2.42    9.62   -0.19
1981  38    2.42    9.63   -0.19
1981  40    6.70    7.34   -0.17
1981  42    9.39    3.29   -0.16
1981  44    9.84   -1.54   -0.14
1981  46    7.94   -6.03   -0.12
1981  48    4.14   -9.08   -0.12
1981  50   -0.64   -9.97   -0.10
1981  52   -5.30   -8.48   -0.09
1981  54   -8.69   -4.96   -0.07
1981  56  -10.03   -0.26   -0.05
1981  58   -8.96    4.53   -0.05
1981  60   -5.75    8.24   -0.04
1981  62   -1.16    9.99   -0.02
1981  64    3.71    9.36   -0.00
1981  66    7.71    6.49    0.00
1981  68    9.88    2.06    0.02
1981  70    9.69   -2.85    0.04
1981  72    7.19   -7.11    0.05
1981  74    2.96   -9.68    0.05
1981  76   -1.97   -9.94    0.07
1981  78   -6.46   -7.83    0.09
1981  80   -9.41   -3.84    0.11
1981  82  -10.11    1.08    0.12
1981  84   -8.41    5.74    0.12
1981  86   -4.69    9.05    0.14
1981  88    0.16   10.20    0.16
1981  90    4.96    8.92    0.18
1981  92    8.62    5.51    0.18
1981  94   10.21    0.77    0.20
1981  96    9.36   -4.17    0.21
1981  98    6.29   -8.10    0.23
1981 100    1.69  -10.13    0.23
1981 102   -3.31   -9.73    0.25
1981 104   -7.54   -7.00    0.27
1981 106   -9.97   -2.62    0.27
1981 108  -10.03    2.43    0.29
1981 110   -7.69    6.90    0.31
1981 112   -3.50    9.72    0.32
1981 114    1.51   10.23    0.33
1981 116    6.19    8.30    0.34
1981 118    9.40    4.38    0.36
1981 120   10.37   -0.60    0.38
1981 122    8.86   -5.43    0.38
1981 124    5.23   -8.99    0.40
1981 126    0.35  -10.41    0.42
1981 128   -4.64   -9.34    0.42
1981 130   -8.51   -6.05    0.44
1981 132  -10.37   -1.29    0.46
1981 134   -9.75    3.78    0.47
1981 136   -6.80    7.96    0.48
1981 138   -2.22   10.25    0.49
1981 140    2.89   10.09    0.51
1981 142    7.34    7.52    0.51
1981 144   10.04    3.14    0.53
1981 146   10.35   -1.99    0.55
1981 148    8.18   -6.65    0.57
1981 150    4.06   -9.74    0.57
1981 152   -1.05  -10.51    0.59
1981 154   -5.91   -8.76    0.61
1981 156   -9.38   -4.92    0.61
1981 158  -10.60    0.09    0.63
1981 160   -9.30    5.11    0.65
1981 162   -5.77    8.92    0.65
1981 164   -0.85   10.60    0.67
1981 166    4.28    9.75    0.69
1981 168    8.39    6.58    0.69
1981 170   10.51    1.82    0.71
1981 172   10.13   -3.39    0.73
1981 174    7.32   -7.80    0.75
1981 176    2.75  -10.34    0.75
1981 178   -2.47  -10.43    0.77
1981 180   -7.12   -8.02    0.79
1981 182  -10.09   -3.69    0.79
1981 184  -10.64    1.53    0.81
1981 186   -8.66    6.41    0.83
1981 188   -4.59    9.75    0.83
1981 190    0.56   10.77    0.85
1981 192    5.61    9.23    0.87
1981 194    9.33    5.47    0.87
1981 196   10.82    0.40    0.89
1981 198    9.72   -4.78    0.91
1981 200    6.30   -8.83    0.91
1981 202    1.38  -10.77    0.93
1981 204   -3.90  -10.15    0.93
1981 206   -8.25   -7.10    0.95
1981 208  -10.64   -2.34    0.97
1981 210  -10.49    2.99    0.97
1981 212   -7.83    7.62    0.99
1981 214   -3.31   10.42    1.01
1981 216    2.03   10.75    1.02
1981 218    6.90    8.52    1.04
1981 220   10.12    4.23    1.06
1981 222   10.93   -1.07    1.06
1981 224    9.13   -6.13    1.08
1981 226    5.13   -9.74    1.10
1981 228   -0.08  -11.01    1.10
1981 230   -5.30   -9.68    1.12
1981 232   -9.26   -6.01    1.12
1981 234  -11.01   -0.91    1.14
1981 236  -10.14    4.43    1.16
1981 238   -6.84    8.72    1.16
1981 240   -1.89   10.93    1.18
1981 242    3.51   10.54    1.21
1981 244    8.09    7.62    1.21
1981 246   10.75    2.88    1.23
1981 248   10.84   -2.56    1.23
1981 250    8.34   -7.40    1.25
1981 252    3.84  -10.49    1.27
1981 254   -1.59  -11.06    1.27
1981 256   -6.65   -8.99    1.29
1981 258  -10.14   -4.77    1.30
1981 260  -11.20    0.59    1.32
1981 262   -9.60    5.83    1.34
1981 264   -5.69    9.69    1.34
1981 266   -0.41   11.24    1.36
1981 268    4.97   10.11    1.38
1981 270    9.18    6.55    1.38
1981 272   11.20    1.42    1.41
1981 274   10.54   -4.07    1.41
1981 276    7.36   -8.59    1.43
1981 278    2.41  -11.07    1.43
1981 280   -3.11  -10.90    1.45
1981 282   -7.92   -8.14    1.47
1981 284  -10.84   -3.42    1.48
1981 286  -11.17    2.13    1.50
1981 288   -8.84    7.18    1.50
1981 290   -4.38   10.52    1.52
1981 292    1.13   11.36    1.54
1981 294    6.39    9.47    1.54
1981 296   10.13    5.32    1.57
1981 298   11.45   -0.12    1.57
1981 300   10.03   -5.54    1.59
1981 302    6.22   -9.65    1.59
1981 304    0.92  -11.45    1.61
1981 306   -4.62  -10.53    1.64
1981 308   -9.07   -7.09    1.64
1981 310  -11.37   -1.94    1.66
1981 312  -10.94    3.68    1.66
1981 314   -7.90    8.44    1.69
1981 316   -2.95   11.18    1.69
1981 318    2.70   11.25    1.71
1981 320    7.73    8.64    1.73
1981 322   10.91    3.95    1.73
1981 324   11.49   -1.70    1.76
1981 326    9.32   -6.95    1.76
1981 328    4.92  -10.55    1.78
1981 330   -0.67  -11.64    1.78
1981 332   -6.12   -9.94    1.81
1981 334  -10.11   -5.86    1.81
1981 336  -11.69   -0.37    1.83
1981 338  -10.48    5.20    1.85
1981 340   -6.77    9.57    1.86
1981 342   -1.43   11.64    1.88
1981 344    4.27   10.95    1.88
1981 346    8.95    7.62    1.90
1981 348   11.51    2.47    1.91
1981 350   11.32   -3.29    1.93
1981 352    8.42   -8.27    1.93
1981 354    3.49  -11.28    1.96
1981 356   -2.28  -11.61    1.96
1981 358   -7.51   -9.15    1.98
1981 360  -10.97   -4.50    1.98
1981 362  -11.80    1.24    2.01
1981 364   -9.81    6.69    2.03
1982   1   -5.47   10.55    2.03
1982   3    0.19   11.90    2.06
1982   5    5.81   10.40    2.06
1982   7   10.06    6.41    2.08
1982   9   11.91    0.87    2.08
1982  11   10.91   -4.88    2.11
1982  13    7.30   -9.48    2.11
1982  15    1.94  -11.82    2.13
1982  17   -3.90  -11.34    2.14
1982  19   -8.82   -8.14    2.16
1982  21  -11.64   -2.99    2.16
1982  23  -11.68    2.89    2.19
1982  25   -8.92    8.09    2.19
1982  27   -4.03   11.37    2.21
1982  29    1.85   11.93    2.21
1982  31    7.29    9.64    2.24
1982  33   11.00    5.03    2.24
1982  35   12.08   -0.78    2.27
1982  37   10.28   -6.42    2.27
1982  39    6.01  -10.54    2.29
1982  41    0.30  -12.15    2.30
1982  43   -5.50  -10.84    2.32
1982  45  -10.00   -6.95    2.32
1982  47  -12.11   -1.38    2.35
1982  49  -11.33    4.53    2.35
1982  51   -7.83    9.37    2.37
1982  53   -2.46   11.98    2.38
1982  55    3.52   11.72    2.40
1982  57    8.67    8.67    2.40
1982  59   11.75    3.53    2.43
1982  61   12.03   -2.47    2.43
1982  63    9.43   -7.89    2.46
1982  65    4.57  -11.43    2.46
1982  67   -1.39  -12.24    2.48
1982  69   -7.04  -10.13    2.49
1982  71  -11.01   -5.59    2.51
1982  73  -12.35    0.30    2.51
1982  75  -10.75    6.13    2.52
1982  77   -6.57   10.51    2.54
1982  79   -0.80   12.38    2.55
1982  81    5.17   11.29    2.57
1982  83    9.91    7.50    2.57
1982  85   12.29    1.90    2.60
1982  87   11.75   -4.16    2.60
1982  89    8.36   -9.25    2.63
1982  91    2.98  -12.13    2.63
1982  93   -3.13  -12.09    2.66
1982  95   -8.50   -9.18    2.66
1982  97  -11.84   -4.05    2.68
1982  99  -12.37    2.05    2.69
1982 101   -9.93    7.67    2.71
1982 103   -5.11   11.47    2.72
1982 105    0.94   12.54    2.72
1982 107    6.78   10.60    2.74
1982 109   11.01    6.13    2.75
1982 111   12.62    0.18    2.77
1982 113   11.20   -5.83    2.78
1982 115    7.11  -10.46    2.80
1982 117    1.30  -12.59    2.81
1982 119   -4.83  -11.71    2.83
1982 121   -9.82   -8.04    2.84
1982 123  -12.46   -2.42    2.84
1982 125  -12.14    3.78    2.86
1982 127   -8.89    9.11    2.87
1982 129   -3.51   12.24    2.89
1982 131    2.72   12.46    2.90
1982 133    8.30    9.69    2.92
1982 135   11.92    4.60    2.93
1982 137   12.69   -1.60    2.95
1982 139   10.42   -7.43    2.96
1982 141    5.66  -11.51    2.96
1982 143   -0.47  -12.82    2.98
1982 145   -6.50  -11.08    2.99
1982 147  -10.99   -6.68    3.02
1982 149  -12.85   -0.67    3.02
1982 151  -11.65    5.51    3.05
1982 153   -7.64   10.40    3.05
1982 155   -1.80   12.79    3.05
1982 157    4.49   12.13    3.08
1982 159    9.71    8.56    3.08
1982 161   12.61    2.94    3.11
1982 163   12.52   -3.40    3.11
1982 165    9.42   -8.94    3.12
1982 167    4.06  -12.34    3.14
1982 169   -2.28  -12.81    3.15
1982 171   -8.09  -10.20    3.17
1982 173  -11.97   -5.16    3.18
1982 175  -13.00    1.16    3.21
1982 177  -10.90    7.19    3.21
1982 179   -6.20   11.52    3.21
1982 181    0.00   13.09    3.24
1982 183    6.21   11.54    3.24
1982 185   10.95    7.22    3.27
1982 187   13.09    1.17    3.28
1982 189   12.08   -5.18    3.28
1982 191    8.19  -10.30    3.31
1982 193    2.31  -12.98    3.31
1982 195   -4.12  -12.52    3.34
1982 197   -9.58   -9.09    3.34
1982 199  -12.76   -3.47    3.35
1982 201  -12.88    3.00    3.37
1982 203   -9.94    8.76    3.38
1982 205   -4.60   12.44    3.40
1982 207    1.85   13.14    3.41
1982 209    7.87   10.71    3.41
1982 211   12.03    5.68    3.44
1982 213   13.29   -0.70    3.44
1982 215   11.39   -6.92    3.47
1982 217    6.75  -11.51    3.48
1982 219    0.49  -13.35    3.48
1982 221   -5.90  -11.99    3.51
1982 223  -10.90   -7.77    3.51
1982 225  -13.29   -1.68    3.51
1982 227  -12.50    4.85    3.54
1982 229   -8.72   10.21    3.55
1982 231   -2.84   13.13    3.57
1982 233    3.73   12.92    3.58
1982 235    9.43    9.62    3.58
1982 237   12.87    4.01    3.61
1982 239   13.25   -2.57    3.62
1982 241   10.44   -8.57    3.64
1982 243    5.13  -12.51    3.65
1982 245   -1.41  -13.46    3.65
1982 247   -7.64  -11.19    3.68
1982 249  -12.05   -6.24    3.69
1982 251  -13.58    0.21    3.69
1982 253  -11.86    6.63    3.72
1982 255   -7.29   11.49    3.72
1982 257   -0.97   13.58    3.73
1982 259    5.59   12.43    3.75
1982 261   10.83    8.31    3.76
1982 263   13.49    2.18    3.79
1982 265   12.92   -4.47    3.79
1982 267    9.27  -10.08    3.80
1982 269    3.36  -13.29    3.83
1982 271   -3.34  -13.30    3.83
1982 273   -9.26  -10.14    3.83
1982 275  -12.97   -4.54    3.86
1982 277  -13.60    2.15    3.87
1982 279  -10.96    8.35    3.87
1982 281   -5.67   12.57    3.90
1982 283    0.96   13.77    3.91
1982 285    7.38   11.67    3.93
1982 287   12.05    6.79    3.94
1982 289   13.85    0.27    3.95
1982 291   12.33   -6.34    3.97
1982 293    7.86  -11.43    3.98
1982 295    1.48  -13.81    3.98
1982 297   -5.25  -12.87    4.01
1982 299  -10.73   -8.85    4.02
1982 301  -13.67   -2.71    4.02
1982 303  -13.33    4.10    4.05
1982 305   -9.79    9.96    4.06
1982 307   -3.90   13.42    4.06
1982 309    2.93   13.67    4.09
1982 311    9.08   10.66    4.09
1982 313   13.06    5.09    4.10
1982 315   13.92   -1.71    4.13
1982 317   11.45   -8.14    4.13
1982 319    6.23  -12.61    4.14
1982 321   -0.49  -14.06    4.17
1982 323   -7.11  -12.16    4.17
1982 325  -12.04   -7.35    4.18
1982 327  -14.10   -0.76    4.21
1982 329  -12.77    6.04    4.21
1982 331   -8.39   11.39    4.22
1982 333   -1.99   14.02    4.25
1982 335    4.89   13.30    4.25
1982 337   10.62    9.40    4.26
1982 339   13.83    3.22    4.29
1982 341   13.72   -3.73    4.29
1982 343   10.33   -9.80    4.30
1982 345    4.45  -13.53    4.33
1982 347   -2.50  -14.04    4.33
1982 349   -8.89  -11.17    4.34
1982 351  -13.13   -5.63    4.37
1982 353  -14.24    1.27    4.37
1982 355  -11.95    7.88    4.38
1982 357   -6.79   12.61    4.41
1982 359    0.03   14.35    4.41
1982 361    6.83   12.63    4.42
1982 363   12.01    7.89    4.45
1982 365   14.33    1.25    4.45
